-2.5468874185001456,1.077439856516102,0.4887549594654115,0.2894069480005321,-2.53630927533153,3.104698351254685,-0.13219875699326855,2.755669237468168,5.623033506278287,3.5942650949653725,-2.8176947991023074,0.4809877072127333,-1.045721384973237,2.9333308560244458,-3.88036024089892,-3.5633499034519733,-0.3819788572887708,-0.1795422701998728,5.721639490560759,7.386995412705417,-4.007323427186399,-0.2631394821549349,-2.958859394342168,0.7546452604843177,1.389093937000821,2.844375936640864,-4.065087987231695,7.216559614147686,0.06640797886622551,-0.7017128562896102,-2.757771991248613,0.374329333405816,2.3179643128634067,-1.2264382889235876,2.0536991776131144,-0.5740476245116213,-2.556424145671339,-1.6122865890335867,-1.0293268659225,2.5589727610426687,-2.4163219046890587,7.359130813483035,-5.726077839878378,6.0318878826652735,5.279987581021672,0.38682792572084956,3.9192223766872614,-1.0885913392463906
numHidden 	5
numGenes 	48
minGene 	-3.0
maxGene 	3.0
popSize 	200
maxEvaluations 	20000
tounamentSize 	10
mutateRate 	0.4
mutateChange 	0.7
seed 	1681812375450
random 	java.util.Random@6737fd8f
neuralNetworkClass 	class coursework.ExampleEvolutionaryAlgorithm
Training Set Training
Fitness 0.010202286080178353