2.2591036148723314,-1.7577349855427713,1.691668983483677,8.46961308520633,4.888007775323779,-4.571193457292263,4.032754140845906,2.3316842981872083,-2.0607865192871335,3.3896585900850082,0.6719351880511915,-1.6849900227997847,-0.5294804314480439,-2.4765167832937567,5.1824314423602695,-0.5342902984349382,0.24364449860105286,3.2579854375868322,0.15461492804714783,1.5823687989196744,3.5277916728959218,0.5546042350954246,2.3156537844797205,4.701953465643265,-3.4124544061380853,1.0752229111758773,1.4274239719432906,3.743536169868352,-6.06370656352334,0.2823965489679443,1.4793127208820411,-2.7159866096454213,-6.449973212112352,4.7390558401817096,2.6589235649068605,4.236288380022564,2.6875623597879663,0.2230525943852626,-4.389409483403506,-1.403811442535164,3.351880214849415,0.24136984947310314,-1.894153849713724,-3.4692572186050894,4.824298000269428,0.5583597304368304,2.699958539276314,0.2592936581574452
numHidden 	5
numGenes 	48
minGene 	-3.0
maxGene 	3.0
popSize 	200
maxEvaluations 	20000
tounamentSize 	10
mutateRate 	0.4
mutateChange 	0.7
seed 	1681812704513
random 	java.util.Random@6737fd8f
neuralNetworkClass 	class coursework.ExampleEvolutionaryAlgorithm
Training Set Training
Fitness 0.09810027503379513