-2.3334611402917873,5.031859345159326,2.4779760276331944,1.581405874820449,4.208577158201564,-2.658992290789433,2.097140118904856,-3.420076299406258,-0.6029493089528986,-8.491089035324096,-1.0497009969160747,7.234860949749443,1.5468351398471234,-0.49924493481681753,-0.18301063809367624,2.441911841532547,-3.4924986565950764,-7.7506381297388565,-1.6954673701051892,-4.543030387527358,0.1221245951779053,-3.1294999112943547,-1.4133770588961954,3.0505668534326027,0.7917838025558841,-5.476689209668466,-0.18398103106828678,0.7565025840487851,2.5595353639057503,0.7145700795367613,0.17714974773762382,0.4513604767482946,-4.3636930238932665,3.0326234860449466,-4.352972167040248,0.21335884602103738,-3.0373529065038083,-5.615770928967743,-8.852436809125647,2.1912402320728477,-0.8743012614644059,0.6375099948194334,1.8645456024122258,2.042936549262212,-1.8128785124591145,-0.8906778491278506,1.49015198074755,0.6611811534387928
numHidden 	5
numGenes 	48
minGene 	-3.0
maxGene 	3.0
popSize 	200
maxEvaluations 	20000
tounamentSize 	10
mutateRate 	0.4
mutateChange 	0.7
seed 	1681812552694
random 	java.util.Random@6737fd8f
neuralNetworkClass 	class coursework.ExampleEvolutionaryAlgorithm
Training Set Training
Fitness 0.01073685289004308